id,name,age
